174 0.192539683
175 0.135280899
176 0.158791209
177 0.093942308
178 0.07625
179 0.104366197
180 0.103037975
181 0.0863
182 0.075
184 0.0971875
185 0.133222222
186 0.071192661
187 0.095714286
188 0.196435644
189 0.134494382
192 0.093232323
193 0.265352113
195 0.295
196 0.087088608
197 0.299350649
198 0.091357143
199 0.250229885
200 0.155324675
201 0.079393939
202 0.227835052
203 0.060163934
205 0.095697674
206 0.093495146
207 0.073619048
209 0.071603053
210 0.0757
211 0.06012987
212 0.120531915
213 0.0808
214 0.089393939
215 0.05452381
216 0.094137931
109 0.2439
110 0.1352
111 0.2752
112 0.1384
113 0.2141
114 0.1217
116 0.0866
117 0.1947
118 0.1711
119 0.2812
120 0.0845
121 0.3164
123 0.3126
124 0.1333
125 0.3052
126 0.2196
127 0.2408
128 0.1557
129 0.2293
130 0.129
131 0.2114
132 0.2631
133 0.0214
134 0.2561
135 0.2101
136 0.1119
137 0.2399
138 0.1981
139 0.1825
140 0.2375
141 0.154
142 0.1992
143 0.1839
144 0.1902
145 0.1624
146 0.0786
147 0.1313
148 0.1389
150 0.2586
151 0.1456
152 0.1063
153 0.1745
155 0.2407
156 0.2938
157 0.0634
158 0.1571
159 0.2603
160 0.2187
161 0.1025
162 0.2481
163 0.2693
164 0.1259
165 0.3185
167 0.1825
168 0.0902
169 0.2501
170 0.0989
171 0.3328
172 0.1823
173 0.247
217 0.2067
218 0.2119
219 0.2423
220 0.1887
221 0.2394
222 0.2035
223 0.206
224 0.2079
225 0.2097
226 0.2068
227 0.1756
228 0.2343
229 0.2063
230 0.2146
231 0.2358
232 0.2519
233 0.2101
234 0.1766
426 0.148
458 0.1356
488 0.1793
489 0.163
490 0.2277
700 0.1511
235 0.194
236 0.1525
237 0.2204
238 0.1439
287 0.1392
347 0.1021
417 0.1852
427 0.2342
429 0.175769231
430 0.097733333
431 0.099548872
432 0.140518519
433 0.165339806
434 0.197916667
435 0.178604651
436 0.134177215
437 0.1633
439 0.118791209
440 0.156393443
441 0.2088
442 0.205825243
443 0.156923077
444 0.143589744
445 0.113214286
446 0.110444444
447 0.104880952
448 0.177961165
449 0.125686275
450 0.154953271
451 0.125465116
452 0.121443299
453 0.187375
454 0.116407767
456 0.125033113
457 0.13
459 0.170232558
461 0.15173913
462 0.1
463 0.125652174
464 0.12021978
465 0.143139535
466 0.128192771
467 0.097572816
468 0.208220339
469 0.142352941
470 0.168375
471 0.13733945
472 0.097777778
473 0.137613636
474 0.17375
475 0.111960784
476 0.147113402
478 0.18127451
479 0.123846154
480 0.161340206
482 0.106547619
483 0.112659574
484 0.146133333
485 0.167521368
486 0.152181818
487 0.102405063
694 0.2741
695 0.3153
696 0.2521
697 0.2764
698 0.101
699 0.2668
701 0.1763
702 0.107
703 0.1609
704 0.2141
705 0.2277
706 0.1935
707 0.3278
709 0.1788
710 0.1952
711 0.149
712 0.091
714 0.078
715 0.1743
716 0.2536
718 0.2048
719 0.2153
720 0.1617
721 0.2029
722 0.2305
723 0.2258
724 0.1964
725 0.2189
726 0.1393
727 0.1686
728 0.2077
729 0.2258
730 0.2259
731 0.1538
733 0.2008
734 0.2214
735 0.1266
736 0.1729
737 0.0801
738 0.23
739 0.136
740 0.1957
741 0.143
742 0.2019
743 0.224
744 0.2368
745 0.2142
746 0.2085
747 0.1609
748 0.1352
749 0.1118
750 0.1511
751 0.1043
752 0.1626
753 0.1175
754 0.2096
755 0.1787
756 0.1155
757 0.2417
758 0.206
759 0.1754
761 0.1726
763 0.1299
764 0.1699
766 0.2351
767 0.1195
768 0.1708
769 0.1761
770 0.2052
771 0.1932
772 0.2081
773 0.2456
774 0.1719
775 0.1901
776 0.1142
777 0.1836
779 0.2271
780 0.2104
781 0.2037
239 0.24
240 0.2606
243 0.2532
244 0.2095
245 0.2146
246 0.2183
247 0.2336
249 0.2355
250 0.2019
251 0.1788
252 0.2146
253 0.2595
254 0.2033
255 0.201
256 0.2055
257 0.2195
258 0.2268
259 0.2509
261 0.2137
262 0.2073
264 0.1352
265 0.2401
268 0.2085
269 0.2137
270 0.0285
271 0.1953
272 0.2146
273 0.1302
274 0.2084
276 0.1637
277 0.223
278 0.2723
279 0.2291
280 0.1882
282 0.1742
283 0.1775
284 0.2338
286 0.1973
288 0.2073
289 0.2061
290 0.2331
291 0.1906
292 0.2027
293 0.1823
294 0.2286
296 0.1884
297 0.1872
298 0.2281
299 0.2019
300 0.1926
301 0.2283
302 0.2508
303 0.2012
304 0.2003
305 0.285
306 0.1198
307 0.1011
308 0.2445
309 0.2273
310 0.206
311 0.2617
312 0.177
313 0.2491
314 0.2514
316 0.1846
317 0.201
319 0.233
320 0.0707
321 0.3053
322 0.2679
323 0.1447
324 0.2445
325 0.372
326 0.2266
327 0.2216
328 0.1966
329 0.2012
330 0.2095
331 0.2
332 0.2471
333 0.214
334 0.1876
335 0.2264
336 0.1311
338 0.2277
340 0.2532
341 0.2447
342 0.2507
343 0.265
344 0.2369
345 0.2043
346 0.2094
349 0.2107
350 0.2101
351 0.2285
352 0.2658
353 0.2167
355 0.2165
356 0.2182
357 0.2179
358 0.2011
359 0.2019
360 0.2079
361 0.1156
363 0.2127
364 0.212
365 0.2489
367 0.2115
368 0.2397
369 0.2007
370 0.2177
371 0.2066
372 0.2356
373 0.2818
374 0.1903
375 0.215
376 0.2305
377 0.2163
379 0.2167
380 0.213
381 0.1827
382 0.2227
383 0.1613
384 0.2036
386 0.2695
387 0.2653
388 0.2145
389 0.2177
390 0.2525
391 0.2261
393 0.2237
394 0.1329
395 0.2213
396 0.2089
397 0.1342
398 0.201
399 0.2529
400 0.1649
401 0.2009
403 0.1352
404 0.2033
405 0.226
406 0.1119
407 0.1749
408 0.2356
409 0.2483
410 0.2371
411 0.2373
412 0.3632
413 0.123
414 0.1595
415 0.3162
416 0.2329
418 0.2435
419 0.1147
420 0.3748
421 0.1071
422 0.182
423 0.215
424 0.0814
425 0.211
491 0.221970443
492 0.188351648
493 0.201463415
494 0.243455497
495 0.241157895
496 0.226256983
497 0.174915254
498 0.138691589
499 0.243909774
500 0.092139303
501 0.215449735
502 0.207017544
503 0.184767442
504 0.240093897
505 0.216134454
506 0.201531532
507 0.216965517
508 0.232380952
509 0.095866667
510 0.213497942
511 0.243984962
512 0.207729469
513 0.18035503
514 0.19443038
515 0.226829268
516 0.156442308
517 0.111640212
518 0.391586207
519 0.142868526
520 0.405844156
521 0.219183673
522 0.093106796
523 0.288873239
524 0.065415385
525 0.244608696
526 0.2188
528 0.174741036
529 0.214554455
531 0.222259414
532 0.208823529
533 0.252081218
534 0.133409091
535 0.196632653
536 0.110948276
537 0.118319328
538 0.151317829
539 0.221018182
540 0.125136612
541 0.125957447
543 0.197166667
544 0.134754098
545 0.305666667
546 0.211904762
547 0.22262069
548 0.216601307
549 0.196300578
550 0.240938967
551 0.269295775
553 0.263664921
554 0.181785714
556 0.228380282
557 0.224347826
558 0.222304147
559 0.164329897
560 0.141779359
561 0.1544
562 0.14037037
563 0.250183486
564 0.236282051
565 0.186781609
566 0.245185185
567 0.183788546
568 0.112095238
570 0.189530201
571 0.168870968
572 0.239887006
573 0.212098765
575 0.155535714
576 0.210618557
577 0.23382199
578 0.229837838
579 0.215021834
580 0.193448276
581 0.142625
582 0.211111111
583 0.109647059
584 0.228154506
585 0.146666667
586 0.158796296
587 0.231698113
588 0.200096618
589 0.239108911
590 0.175421687
591 0.174640523
592 0.12890625
593 0.169463415
594 0.186436782
595 0.216036036
596 0.167314286
597 0.219877301
598 0.191809524
599 0.216062176
600 0.19583815
601 0.241232227
602 0.117832168
603 0.126287879
604 0.165225225
605 0.242242152
607 0.230294118
608 0.214255319
609 0.171005917
610 0.211601732
612 0.180714286
613 0.241530612
614 0.221909548
615 0.211479821
616 0.203622047
617 0.246385542
619 0.154206349
620 0.202730924
621 0.234201183
622 0.101304348
623 0.18447205
624 0.214640523
625 0.233279352
626 0.175760369
627 0.156526946
628 0.222487047
629 0.179914163
631 0.21242236
632 0.145615764
633 0.252255319
634 0.1912
635 0.130736842
636 0.196
637 0.197407407
638 0.219487179
639 0.249219858
640 0.209378531
642 0.196904762
643 0.229387755
644 0.070756303
645 0.201168831
647 0.248685714
648 0.189281768
649 0.229213483
650 0.183878788
651 0.239090909
652 0.22975
653 0.229278351
654 0.164742268
655 0.202371134
656 0.220428571
657 0.208571429
658 0.243052632
659 0.194771242
660 0.214945055
662 0.135854922
663 0.101345566
664 0.211212121
665 0.274166667
666 0.164428571
668 0.227802198
669 0.162727273
670 0.233926702
671 0.22224
672 0.184739884
675 0.291255814
676 0.248910891
677 0.222622951
678 0.22035503
679 0.191823204
680 0.202637363
681 0.182677165
682 0.2325
683 0.19677686
685 0.270722892
686 0.219609756
687 0.163522727
688 0.178918919
690 0.249145299
691 0.167537688
692 0.0965
693 0.242322581
